Log created at 2024-04-28 19:27:51.536726


n_params : 10
max_steps : 10
scale_actions : 0.15
airfoil_seed : [array([0.1, 0.1, 0.1, 0.1, 0.1, 0.1, 0.1, 0.1, 0.1, 0.1]), array([-0.1, -0.1, -0.1, -0.1, -0.1, -0.1, -0.1, -0.1, -0.1, -0.1]), 0.0]
delta_reward : False
cl_reward : True
cl_reset : None
efficiency_param : 1
cl_wide : 20
num_cpu : 48
net_arch : [64, 64]
total_timesteps : 3000000
gamma : 0.995
learning_rate : 0.000268
ent_coef : 0.0
batch_size : 512
clip_range : 0.3
gae_lambda : 0.98
max_grad_norm : 5.0
n_epochs : 20
n_steps : 32
vf_coef : 0.754843
