Log created at 2024-04-28 12:00:37.702053


n_params : 10
max_steps : 10
scale_actions : 0.15
airfoil_seed : [array([0.1, 0.1, 0.1, 0.1, 0.1, 0.1, 0.1, 0.1, 0.1, 0.1]), array([-0.1, -0.1, -0.1, -0.1, -0.1, -0.1, -0.1, -0.1, -0.1, -0.1]), 0.0]
delta_reward : False
cl_reward : True
cl_reset : None
efficiency_param : 1
cl_wide : 20
num_cpu : 48
net_arch : [256, 256]
total_timesteps : 2000000
gamma : 0.95
learning_rate : 0.000489
ent_coef : 0.003958
batch_size : 32
clip_range : 0.1
gae_lambda : 0.92
max_grad_norm : 0.6
n_epochs : 10
n_steps : 256
vf_coef : 0.999152
