Log created at 2024-04-25 19:23:38.571188


n_params : 10
max_steps : 10
scale_actions : 0.15
airfoil_seed : [array([0.1, 0.1, 0.1, 0.1, 0.1, 0.1, 0.1, 0.1, 0.1, 0.1]), array([-0.1, -0.1, -0.1, -0.1, -0.1, -0.1, -0.1, -0.1, -0.1, -0.1]), 0.0]
delta_reward : False
cl_reward : True
cl_reset : None
efficiency_param : 1
cl_wide : 20
num_cpu : 50
net_arch : [512, 512, 256]
total_timesteps : 4000000
gamma : 0.99
learning_rate : 0.00024
